[soe][Equalizer#0]
numBands=8

[soe][Equalizer#0#left]
band0Frequency=33.71373705661655
band0Gain=1
band0Q=1.229195839085688
band10Frequency=8785.6904296875
band10Gain=5
band10Mode=6
band10Q=1.7848856449127197
band10Type=0
band11Frequency=15623.4130859375
band11Gain=3
band11Mode=6
band11Q=1.7848856449127197
band11Type=0
band12Type=0
band13Type=0
band14Type=0
band15Type=0
band16Type=0
band17Type=0
band18Type=0
band19Type=0
band1Frequency=79.94786957565145
band1Gain=2
band1Q=1.229195839085688
band20Type=0
band21Type=0
band22Type=0
band23Type=0
band24Type=0
band25Type=0
band26Type=0
band27Type=0
band28Type=0
band29Type=0
band2Frequency=189.58627573536728
band2Gain=4
band2Q=1.2291958390856883
band30Type=0
band31Type=0
band3Frequency=449.57990923317016
band3Gain=-4
band3Q=1.2291958390856883
band4Frequency=1066.1219753492933
band4Q=1.2291958390856883
band5Frequency=2528.173619371377
band5Q=1.229195839085688
band6Frequency=5995.2444443247405
band6Gain=4
band6Q=1.2291958390856883
band7Frequency=14216.965034285808
band7Gain=2
band7Q=1.229195839085688
band8Frequency=2778.279296875
band8Gain=5
band8Mode=6
band8Q=1.7848856449127197
band8Type=0
band9Frequency=4940.55712890625
band9Gain=7
band9Mode=6
band9Q=1.7848856449127197
band9Type=0

[soe][Equalizer#0#right]
band0Frequency=33.71373705661655
band0Gain=1
band0Q=1.229195839085688
band10Frequency=8785.6904296875
band10Gain=5
band10Mode=6
band10Q=1.7848856449127197
band10Type=0
band11Frequency=15623.4130859375
band11Gain=3
band11Mode=6
band11Q=1.7848856449127197
band11Type=0
band12Type=0
band13Type=0
band14Type=0
band15Type=0
band16Type=0
band17Type=0
band18Type=0
band19Type=0
band1Frequency=79.94786957565145
band1Gain=2
band1Q=1.229195839085688
band20Type=0
band21Type=0
band22Type=0
band23Type=0
band24Type=0
band25Type=0
band26Type=0
band27Type=0
band28Type=0
band29Type=0
band2Frequency=189.58627573536728
band2Gain=4
band2Q=1.2291958390856883
band30Type=0
band31Type=0
band3Frequency=449.57990923317016
band3Gain=-4
band3Q=1.2291958390856883
band4Frequency=1066.1219753492933
band4Q=1.2291958390856883
band5Frequency=2528.173619371377
band5Q=1.229195839085688
band6Frequency=5995.2444443247405
band6Gain=4
band6Q=1.2291958390856883
band7Frequency=14216.965034285808
band7Gain=2
band7Q=1.229195839085688
band8Frequency=2778.279296875
band8Gain=5
band8Mode=6
band8Q=1.7848856449127197
band8Type=0
band9Frequency=4940.55712890625
band9Gain=7
band9Mode=6
band9Q=1.7848856449127197
band9Type=0
